4984 92.00 215 3848 aPM_Chr1a_34580905_34593123 17 3665 cPM_Chr1b_43060747_43075170
3039 93.00 9868 11943 aPM_Chr1a_34580905_34593123 11937 14040 cPM_Chr1b_43060747_43075170
1905 91.00 7524 8971 aPM_Chr1a_34580905_34593123 9746 11172 cPM_Chr1b_43060747_43075170
1209 94.00 9079 9860 aPM_Chr1a_34580905_34593123 11173 11958 cPM_Chr1b_43060747_43075170
426 95.00 4626 4890 aPM_Chr1a_34580905_34593123 4417 4674 cPM_Chr1b_43060747_43075170
299 96.00 3875 4049 aPM_Chr1a_34580905_34593123 3687 3861 cPM_Chr1b_43060747_43075170
238 88.00 7049 7281 aPM_Chr1a_34580905_34593123 4936 5168 cPM_Chr1b_43060747_43075170
228 88.00 4099 4332 aPM_Chr1a_34580905_34593123 3909 4132 cPM_Chr1b_43060747_43075170
224 96.00 11980 12108 aPM_Chr1a_34580905_34593123 14052 14180 cPM_Chr1b_43060747_43075170
121 94.00 4879 4962 aPM_Chr1a_34580905_34593123 4721 4805 cPM_Chr1b_43060747_43075170
117 92.00 12137 12219 aPM_Chr1a_34580905_34593123 14209 14291 cPM_Chr1b_43060747_43075170
77 95.00 4458 4504 aPM_Chr1a_34580905_34593123 4262 4308 cPM_Chr1b_43060747_43075170
71 97.00 7443 7482 aPM_Chr1a_34580905_34593123 5187 5226 cPM_Chr1b_43060747_43075170
63 97.00 4524 4559 aPM_Chr1a_34580905_34593123 4304 4339 cPM_Chr1b_43060747_43075170
