6086 97.00 130 3555 aPM_Chr1a_34580905_34593123 115 3546 bPH_Chr01_52386120_52404177
4234 97.00 7520 9868 aPM_Chr1a_34580905_34593123 13193 15528 bPH_Chr01_52386120_52404177
3808 97.00 9868 11943 aPM_Chr1a_34580905_34593123 15499 17584 bPH_Chr01_52386120_52404177
1572 92.00 4370 5499 aPM_Chr1a_34580905_34593123 4362 5486 bPH_Chr01_52386120_52404177
1374 89.00 5540 6720 aPM_Chr1a_34580905_34593123 5522 6667 bPH_Chr01_52386120_52404177
486 97.00 3576 3848 aPM_Chr1a_34580905_34593123 3571 3843 bPH_Chr01_52386120_52404177
389 96.00 4096 4326 aPM_Chr1a_34580905_34593123 4091 4318 bPH_Chr01_52386120_52404177
367 92.00 7049 7312 aPM_Chr1a_34580905_34593123 7648 7912 bPH_Chr01_52386120_52404177
299 96.00 3875 4056 aPM_Chr1a_34580905_34593123 3873 4052 bPH_Chr01_52386120_52404177
232 94.00 6851 7006 aPM_Chr1a_34580905_34593123 6672 6828 bPH_Chr01_52386120_52404177
210 96.00 11984 12109 aPM_Chr1a_34580905_34593123 17601 17726 bPH_Chr01_52386120_52404177
167 97.00 1 95 aPM_Chr1a_34580905_34593123 17 112 bPH_Chr01_52386120_52404177
149 97.00 12137 12219 aPM_Chr1a_34580905_34593123 17754 17836 bPH_Chr01_52386120_52404177
145 96.00 7433 7517 aPM_Chr1a_34580905_34593123 8576 8660 bPH_Chr01_52386120_52404177
73 95.00 7004 7048 aPM_Chr1a_34580905_34593123 6855 6899 bPH_Chr01_52386120_52404177
