4809 93.00 200 3546 bPH_Chr01_52386120_52404177 17 3352 cPM_Chr1b_43060747_43075170
4496 94.00 14742 17725 bPH_Chr01_52386120_52404177 11173 14180 cPM_Chr1b_43060747_43075170
2577 92.00 12762 14634 bPH_Chr01_52386120_52404177 9311 11172 cPM_Chr1b_43060747_43075170
2555 92.00 10807 12589 bPH_Chr01_52386120_52404177 7393 9178 cPM_Chr1b_43060747_43075170
529 90.00 10312 10755 bPH_Chr01_52386120_52404177 6896 7338 cPM_Chr1b_43060747_43075170
404 93.00 4617 4882 bPH_Chr01_52386120_52404177 4417 4675 cPM_Chr1b_43060747_43075170
276 94.00 3873 4060 bPH_Chr01_52386120_52404177 3687 3875 cPM_Chr1b_43060747_43075170
270 88.00 7631 7905 bPH_Chr01_52386120_52404177 4919 5188 cPM_Chr1b_43060747_43075170
228 89.00 9977 10184 bPH_Chr01_52386120_52404177 6571 6768 cPM_Chr1b_43060747_43075170
222 85.00 3577 3843 bPH_Chr01_52386120_52404177 3387 3665 cPM_Chr1b_43060747_43075170
222 95.00 17754 17893 bPH_Chr01_52386120_52404177 14209 14348 cPM_Chr1b_43060747_43075170
200 93.00 8728 8872 bPH_Chr01_52386120_52404177 5283 5426 cPM_Chr1b_43060747_43075170
192 86.00 4094 4318 bPH_Chr01_52386120_52404177 3909 4126 cPM_Chr1b_43060747_43075170
176 94.00 12616 12736 bPH_Chr01_52386120_52404177 9172 9291 cPM_Chr1b_43060747_43075170
121 94.00 4870 4953 bPH_Chr01_52386120_52404177 4721 4805 cPM_Chr1b_43060747_43075170
89 92.00 9387 9451 bPH_Chr01_52386120_52404177 5519 5583 cPM_Chr1b_43060747_43075170
71 95.00 8586 8629 bPH_Chr01_52386120_52404177 5187 5230 cPM_Chr1b_43060747_43075170
71 95.00 9814 9861 bPH_Chr01_52386120_52404177 5663 5709 cPM_Chr1b_43060747_43075170
69 93.00 4449 4495 bPH_Chr01_52386120_52404177 4262 4308 cPM_Chr1b_43060747_43075170
60 87.00 7548 7610 bPH_Chr01_52386120_52404177 4796 4860 cPM_Chr1b_43060747_43075170
56 94.00 4515 4550 bPH_Chr01_52386120_52404177 4304 4339 cPM_Chr1b_43060747_43075170
54 90.00 17909 17951 bPH_Chr01_52386120_52404177 14382 14424 cPM_Chr1b_43060747_43075170
