6631 97.00 8458 12145 aPM_Chr1a_30608642_30620786 9017 12708 bPH_Chr01_48102383_48115220
3457 98.00 77 1907 aPM_Chr1a_30608642_30620786 1 1832 bPH_Chr01_48102383_48115220
2870 97.00 1988 3554 aPM_Chr1a_30608642_30620786 1910 3486 bPH_Chr01_48102383_48115220
2048 97.00 7248 8389 aPM_Chr1a_30608642_30620786 7823 8967 bPH_Chr01_48102383_48115220
1072 98.00 3580 4144 aPM_Chr1a_30608642_30620786 3486 4050 bPH_Chr01_48102383_48115220
1057 98.00 6584 7166 aPM_Chr1a_30608642_30620786 7151 7735 bPH_Chr01_48102383_48115220
890 94.00 6022 6589 aPM_Chr1a_30608642_30620786 5664 6216 bPH_Chr01_48102383_48115220
773 98.00 4186 4603 aPM_Chr1a_30608642_30620786 4086 4503 bPH_Chr01_48102383_48115220
448 94.00 5280 5573 aPM_Chr1a_30608642_30620786 4926 5219 bPH_Chr01_48102383_48115220
416 92.00 4611 4899 aPM_Chr1a_30608642_30620786 4545 4844 bPH_Chr01_48102383_48115220
196 95.00 5595 5717 aPM_Chr1a_30608642_30620786 5247 5369 bPH_Chr01_48102383_48115220
182 94.00 5871 5986 aPM_Chr1a_30608642_30620786 5549 5664 bPH_Chr01_48102383_48115220
121 87.00 7362 7490 aPM_Chr1a_30608642_30620786 4540 4413 bPH_Chr01_48102383_48115220
89 93.00 4513 4573 aPM_Chr1a_30608642_30620786 8065 8005 bPH_Chr01_48102383_48115220
52 100.00 5199 5224 aPM_Chr1a_30608642_30620786 4845 4870 bPH_Chr01_48102383_48115220
