4579 94.00 638 3528 aPM_Chr2a_29579326_29585284 735 3643 cPM_Chr2b_45808132_45813526
426 88.00 4221 4626 aPM_Chr2a_29579326_29585284 4224 4625 cPM_Chr2b_45808132_45813526
392 94.00 5611 5869 aPM_Chr2a_29579326_29585284 5047 5305 cPM_Chr2b_45808132_45813526
379 92.00 244 516 aPM_Chr2a_29579326_29585284 274 550 cPM_Chr2b_45808132_45813526
313 90.00 3781 4029 aPM_Chr2a_29579326_29585284 3768 4019 cPM_Chr2b_45808132_45813526
299 89.00 5310 5583 aPM_Chr2a_29579326_29585284 4750 5013 cPM_Chr2b_45808132_45813526
194 97.00 117 226 aPM_Chr2a_29579326_29585284 117 226 cPM_Chr2b_45808132_45813526
133 97.00 534 608 aPM_Chr2a_29579326_29585284 661 735 cPM_Chr2b_45808132_45813526
99 95.00 4107 4168 aPM_Chr2a_29579326_29585284 4081 4142 cPM_Chr2b_45808132_45813526
73 93.00 3567 3615 aPM_Chr2a_29579326_29585284 3656 3704 cPM_Chr2b_45808132_45813526
