5691 94.00 8441 12145 aPM_Chr1a_30608642_30620786 14590 18308 cPM_Chr1b_38593535_38611886
3067 95.00 1 1914 aPM_Chr1a_30608642_30620786 1 1924 cPM_Chr1b_38593535_38611886
1746 94.00 1991 3128 aPM_Chr1a_30608642_30620786 1998 3123 cPM_Chr1b_38593535_38611886
1497 93.00 3130 4130 aPM_Chr1a_30608642_30620786 3088 4093 cPM_Chr1b_38593535_38611886
268 88.00 4621 4890 aPM_Chr1a_30608642_30620786 5358 5621 cPM_Chr1b_38593535_38611886
262 89.00 4186 4428 aPM_Chr1a_30608642_30620786 4147 4387 cPM_Chr1b_38593535_38611886
258 81.00 6268 6719 aPM_Chr1a_30608642_30620786 6024 6492 cPM_Chr1b_38593535_38611886
238 91.00 6839 7026 aPM_Chr1a_30608642_30620786 13978 14164 cPM_Chr1b_38593535_38611886
202 90.00 4433 4591 aPM_Chr1a_30608642_30620786 5155 5305 cPM_Chr1b_38593535_38611886
190 93.00 8254 8389 aPM_Chr1a_30608642_30620786 14396 14530 cPM_Chr1b_38593535_38611886
125 87.00 5861 5990 aPM_Chr1a_30608642_30620786 5625 5750 cPM_Chr1b_38593535_38611886
117 93.00 6016 6098 aPM_Chr1a_30608642_30620786 5820 5901 cPM_Chr1b_38593535_38611886
87 92.00 7430 7493 aPM_Chr1a_30608642_30620786 5287 5224 cPM_Chr1b_38593535_38611886
79 89.00 6768 6841 aPM_Chr1a_30608642_30620786 12474 12544 cPM_Chr1b_38593535_38611886
67 97.00 6190 6227 aPM_Chr1a_30608642_30620786 5924 5961 cPM_Chr1b_38593535_38611886
