5699 93.00 8832 12708 bPH_Chr01_48102383_48115220 14396 18308 cPM_Chr1b_38593535_38611886
2910 95.00 25 1832 bPH_Chr01_48102383_48115220 107 1917 cPM_Chr1b_38593535_38611886
1784 94.00 1916 3060 bPH_Chr01_48102383_48115220 2001 3123 cPM_Chr1b_38593535_38611886
777 92.00 3486 4036 bPH_Chr01_48102383_48115220 3536 4093 cPM_Chr1b_38593535_38611886
646 94.00 3062 3486 bPH_Chr01_48102383_48115220 3088 3510 cPM_Chr1b_38593535_38611886
414 85.00 4333 4835 bPH_Chr01_48102383_48115220 5155 5621 cPM_Chr1b_38593535_38611886
254 92.00 7407 7594 bPH_Chr01_48102383_48115220 13978 14164 cPM_Chr1b_38593535_38611886
246 89.00 4086 4328 bPH_Chr01_48102383_48115220 4147 4387 cPM_Chr1b_38593535_38611886
202 84.00 5892 6169 bPH_Chr01_48102383_48115220 6024 6293 cPM_Chr1b_38593535_38611886
119 89.00 7182 7286 bPH_Chr01_48102383_48115220 6392 6492 cPM_Chr1b_38593535_38611886
105 88.00 5549 5656 bPH_Chr01_48102383_48115220 5635 5738 cPM_Chr1b_38593535_38611886
99 93.00 5664 5737 bPH_Chr01_48102383_48115220 5826 5898 cPM_Chr1b_38593535_38611886
79 90.00 8005 8068 bPH_Chr01_48102383_48115220 5287 5224 cPM_Chr1b_38593535_38611886
67 88.00 7342 7409 bPH_Chr01_48102383_48115220 12480 12544 cPM_Chr1b_38593535_38611886
